comp1
mat-1  [
  1 2.000015 2.999969 3.999985 
  2.000015 2.999969 3.999985 5 ]
mat-2  [
  7 7 7 7 
  2 3 4 5 ]
  
comp2
mat-1  [
  1 2.000015 2.999969 3.999985 
  2.000015 3 4 5 ]
mat-2  [
  7 7 7 7 
  2 3 4 5 ]
  
comp3
mat-1  [
  1 2.000015 2.999969 3.999985 
  2.000015 2.999969 3.999985 5 ]
mat-2  [
  7 7 7 7 
  2 3 4 5 ]

comp4
mat-1  [
  1 2 3 4 
  2 3 4 5 ]
mat-2  [
  7 7 7 7 
  2 3 4 5 ]

comp5
mat-1  [
  1 2.003922 2.992157 3.996078 
  2.003922 2.992157 3.996078 5 ]
mat-2  [
  7 7 7 7 
  2 3 4 5 ]

comp6
mat-1  [
  1 2 3 4 
  2 3 4 5 ]
mat-2  [
  7 7 7 7 
  2 3 4 5 ]

comp7
mat-1  [
  1 1 1 1 
  1 1 1 1 ]
mat-2  [
  1 1 1 1 
  1 1 1 1 ]

nocomp
mat-1  [
  1 2 3 4 
  2 3 4 5 ]
mat-2  [
  7 7 7 7 
  2 3 4 5 ]
